3
0 0
0 0
0 0
1
1
0.55
0.50

3
0 1
1 2
15 0
0
1
0.40
0.55

3
1 0
2 1
15 15
1
1
0.52
0.78

3
1 1
2 2
30 15
0
1
0.43
0.48

3
1 0
3 1
30 30
1
1
0.51
0.61

3
0 0
3 2
40 30
0
1
0.59
0.63

3
0 1
4 2
40 40
1
1
0.58
0.82

3
1 1
4 3
0 0
0
1
0.82
0.84

3
1 1
4 4
15 0
1
1
0.60
0.62

3
1 1
5 4
15 15
0
1
0.59
0.69

3
0 0
1 0
30 0
1
1
0.68
0.75

3
0 1
2 2
30 15
0
1
0.61
0.49

3
1 1
3 3
40 15
1
1
0.39
0.35

3
0 1
4 3
40 30
0
1
0.29
0.31

3
1 1
5 4
40 40
1
1
0.64
0.67

3
0 1
3 5
0 0
0
1
0.55
0.51

3
1 1
4 5
15 0
1
1
0.49
0.63

3
0 1
2 3
15 15
0
1
0.67
0.68

3
1 0
3 2
30 15
1
1
0.69
0.63

3
1 1
2 4
30 30
0
1
0.62
0.63

3
1 0
3 4
40 30
1
1
0.70
0.80

3
0 1
2 5
40 40
0
1
0.90
0.85

3
0 0
4 4
0 0
1
1
0.89
0.82

3
1 1
5 4
15 0
0
1
0.71
0.80

3
1 1
5 3
15 15
1
1
0.74
0.64

3
1 1
5 4
30 15
0
1
0.75
0.55

3
0 0
1 1
30 30
1
1
0.76
0.91

3
0 1
2 4
40 15
0
1
0.97
0.95

3
1 0
3 1
40 30
1
1
0.18
0.25

3
1 1
4 2
40 40
0
1
0.03
0.05

3
0 1
5 2
0 0
1
1
0.98
0.99

3
1 1
2 3
15 40
0
1
0.81
0.83

3
1 1
4 5
15 15
1
1
0.82
0.82

3
0 1
3 5
30 15
0
1
0.83
0.79

3
1 1
2 3
30 30
1
1
0.84
0.94

3
1 0
3 4
40 30
0
1
0.85
0.96

3
0 0
5 4
40 40
1
1
0.17
0.25

3
0 0
0 1
0 0
0
1
0.25
0.27

3
0 1
1 2
15 0
1
1
0.09
0.11

3
1 0
2 3
15 15
0
1
0.17
0.33

3
1 1
3 4
30 15
1
1
0.90
0.57

3
1 0
3 4
0 30
0
1
0.89
0.56

3
1 1
5 4
40 15
1
1
0.92
0.55

3
0 0
2 5
40 30
0
1
0.93
0.64

3
0 0
1 1
40 40
1
1
0.76
0.74

3
1 1
2 3
0 0
0
1
0.95
0.87

3
0 1
4 5
15 0
1
1
0.96
0.66

3
1 0
5 3
15 15
0
1
0.97
0.72

3
1 1
3 2
30 15
1
1
0.98
0.59

3
0 1
4 2
30 30
0
1
0.99
0.60

5
0 0
0 0
0 0
1
1
0.50
0.60

5
0 1
2 3
15 0
0
1
0.51
0.50

5
1 0
3 2
15 15
1
1
0.27
0.31

5
1 1
3 3
30 15
0
1
0.53
0.39

5
2 0
4 2
30 30
1
1
0.54
0.74

5
2 1
4 3
40 30
0
1
0.55
0.65

5
0 2
2 4
40 40
1
1
0.60
0.55

5
1 2
3 4
0 0
0
1
0.57
0.40

5
1 2
4 5
15 0
1
1
0.68
0.69

5
0 2
2 5
15 15
0
1
0.59
0.58

5
1 1
3 2
30 15
1
1
0.60
0.70

5
2 2
4 4
30 30
0
1
0.61
0.71

5
1 1
5 3
40 30
1
1
0.62
0.65

5
1 2
5 4
40 40
0
1
0.81
0.73

5
0 0
1 1
0 0
1
1
0.58
0.47

5
0 1
1 2
15 0
0
1
0.69
0.75

5
1 0
2 1
15 15
1
1
0.66
0.76

5
1 1
3 2
30 15
0
1
0.51
0.51

5
2 1
4 2
30 30
1
1
0.45
0.55

5
2 2
4 4
40 30
0
1
0.69
0.59

5
2 2
5 4
40 40
1
1
0.70
0.80

5
0 2
1 5
0 0
0
1
0.71
0.69

5
0 2
2 3
15 0
1
1
0.80
0.82

5
1 2
3 4
15 15
0
1
0.66
0.63

5
2 2
4 5
30 30
1
1
0.74
0.84

3
0 0
0 0
0 0
1
0
10 20
30 40

3
0 1
2 3
15 0
0
0
11 21
31 41

3
1 0
3 2
15 15
1
0
12 22
32 42

3
1 1
3 3
30 15
0
0
13 23
33 43

3
1 1
4 3
30 30
1
0
14 24
34 44

3
0 1
2 4
40 30
0
0
15 25
35 45

3
1 0
3 4
40 40
1
0
16 26
36 46

3
1 0
4 1
0 0
0
0
17 27
37 47

3
0 0
1 1
15 0
1
0
18 28
38 48

3
0 1
1 2
15 15
0
0
19 29
39 49

3
1 1
2 2
30 15
1
0
20 30
40 50

3
1 1
5 4
30 30
0
0
21 31
41 51

3
1 1
3 5
40 30
1
0
22 32
42 52

5
0 0
0 0
0 0
1
0
50 60
70 80

5
0 1
1 2
15 0
0
0
51 61
71 81

5
1 0
2 1
15 15
1
0
52 62
72 82

5
1 1
3 3
30 15
0
0
53 63
73 83

5
2 1
4 3
30 30
1
0
54 64
74 84

5
2 2
4 4
40 30
0
0
55 65
75 85

5
0 2
1 5
40 40
1
0
56 66
76 86

5
1 2
2 4
0 0
0
0
57 67
77 87

5
1 1
3 5
15 0
1
0
58 68
78 88

5
2 1
4 5
15 15
0
0
59 69
79 89

5
2 1
5 2
30 15
1
0
60 70
80 90

5
2 2
5 4
30 30
0
0
61 71
81 101